target_t,out_t,in_t,p,i,d
10.000000,0.000000,0.340000,0.966000,0.000000,0.000000
10.000000,0.966000,1.336000,0.866400,0.000000,-0.000000
10.000000,1.832400,2.112400,0.788760,0.000000,-0.000000
10.000000,2.621160,2.281160,0.771884,0.000000,-0.000000
10.000000,3.393044,3.833044,0.616696,0.000000,-0.000000
10.000000,4.009739,3.869740,0.613026,0.000000,-0.000000
10.000000,4.622766,4.992765,0.500723,0.000000,-0.000000
10.000000,5.123489,5.553489,0.444651,0.000000,-0.000000
10.000000,5.568140,5.568140,0.443186,0.000000,-0.000000
10.000000,6.011326,5.731326,0.426867,0.000000,-0.000000
10.000000,6.438193,6.568193,0.343181,0.000000,-0.000000
10.000000,6.781374,6.561374,0.343863,0.000000,0.000000
10.000000,7.125237,7.535236,0.246476,0.000000,-0.000000
10.000000,7.371713,7.471713,0.252829,0.000000,0.000000
10.000000,7.624541,7.764541,0.223546,0.000000,-0.000000
10.000000,7.848087,7.618087,0.238191,0.000000,0.000000
10.000000,8.086279,7.996279,0.200372,0.000000,-0.000000
10.000000,8.286651,8.056651,0.194335,0.000000,-0.000000
10.000000,8.480986,8.710985,0.128901,0.000000,-0.000000
10.000000,8.609887,8.479887,0.152011,0.000000,0.000000
10.000000,8.761898,8.381898,0.161810,0.000000,0.000000
10.000000,8.923708,9.113708,0.088629,0.000000,-0.000000
10.000000,9.012337,9.192337,0.080766,0.000000,-0.000000
10.000000,9.093103,8.893104,0.110690,0.000000,0.000000
10.000000,9.203793,9.533792,0.046621,0.000000,-0.000000
10.000000,9.250413,9.060413,0.093959,0.000000,0.000000
10.000000,9.344372,9.474372,0.052563,0.000000,-0.000000
10.000000,9.396935,9.136934,0.086307,0.000000,0.000000
10.000000,9.483241,9.663241,0.033676,0.000000,-0.000000
10.000000,9.516917,9.376917,0.062308,0.000000,0.000000
10.000000,9.579226,9.379226,0.062077,0.000000,-0.000000
10.000000,9.641303,9.171303,0.082870,0.000000,0.000000
10.000000,9.724173,9.454172,0.054583,0.000000,-0.000000
10.000000,9.778755,9.868755,0.013124,0.000000,-0.000000
10.000000,9.791880,9.991879,0.000812,0.000000,-0.000000
10.000000,9.792692,9.972692,0.002731,0.000000,0.000000
10.000000,9.795423,10.235422,-0.023542,0.000000,-0.000000
10.000000,9.771880,9.841880,0.015812,0.000000,0.000000
10.000000,9.787692,9.407692,0.059231,0.000000,0.000000
10.000000,9.846923,9.776923,0.022308,0.000000,-0.000000
10.000000,9.869230,9.669230,0.033077,0.000000,0.000000
10.000000,9.902308,10.142307,-0.014231,0.000000,-0.000000
10.000000,9.888077,9.608077,0.039192,0.000000,0.000000
10.000000,9.927269,9.627269,0.037273,0.000000,-0.000000
10.000000,9.964542,10.314543,-0.031454,0.000000,-0.000000
10.000000,9.933088,9.813088,0.018691,0.000000,0.000000
10.000000,9.951779,10.441779,-0.044178,0.000000,-0.000000
10.000000,9.907601,9.657601,0.034240,0.000000,0.000000
10.000000,9.941841,9.601841,0.039816,0.000000,0.000000
10.000000,9.981657,10.191657,-0.019166,0.000000,-0.000000
10.000000,9.962491,9.602491,0.039751,0.000000,0.000000
10.000000,10.002242,9.772243,0.022776,0.000000,-0.000000
10.000000,10.025018,10.445018,-0.044502,0.000000,-0.000000
10.000000,9.980516,10.290517,-0.029052,0.000000,0.000000
10.000000,9.951465,10.021464,-0.002146,0.000000,0.000000
10.000000,9.949318,10.189318,-0.018932,0.000000,-0.000000
10.000000,9.930387,10.060387,-0.006039,0.000000,0.000000
10.000000,9.924348,10.134348,-0.013435,0.000000,-0.000000
10.000000,9.910913,10.380914,-0.038091,0.000000,-0.000000
10.000000,9.872822,10.192822,-0.019282,0.000000,0.000000
10.000000,9.853539,9.413540,0.058646,0.000000,0.000000
10.000000,9.912186,9.672186,0.032781,0.000000,-0.000000
10.000000,9.944967,10.294968,-0.029497,0.000000,-0.000000
10.000000,9.915470,9.695470,0.030453,0.000000,0.000000
10.000000,9.945923,9.815923,0.018408,0.000000,-0.000000
10.000000,9.964331,9.524331,0.047567,0.000000,0.000000
10.000000,10.011898,9.981898,0.001810,0.000000,-0.000000
10.000000,10.013708,9.813708,0.018629,0.000000,0.000000
10.000000,10.032337,9.672338,0.032766,0.000000,0.000000
10.000000,10.065104,10.145103,-0.014510,0.000000,-0.000000
10.000000,10.050593,9.800593,0.019941,0.000000,0.000000
10.000000,10.070534,10.530534,-0.053053,0.000000,-0.000000
10.000000,10.017481,10.347481,-0.034748,0.000000,0.000000
10.000000,9.982733,9.942733,0.005727,0.000000,0.000000
10.000000,9.988460,9.638459,0.036154,0.000000,0.000000
10.000000,10.024613,10.204614,-0.020461,0.000000,-0.000000
10.000000,10.004152,9.854153,0.014585,0.000000,0.000000
10.000000,10.018737,10.168736,-0.016874,0.000000,-0.000000
10.000000,10.001863,9.941863,0.005814,0.000000,0.000000
10.000000,10.007677,10.017677,-0.001768,0.000000,-0.000000
10.000000,10.005909,10.385909,-0.038591,0.000000,-0.000000
10.000000,9.967318,9.557318,0.044268,0.000000,0.000000
10.000000,10.011586,10.281586,-0.028159,0.000000,-0.000000
10.000000,9.983428,10.273428,-0.027343,0.000000,0.000000
10.000000,9.956085,10.346086,-0.034609,0.000000,-0.000000
10.000000,9.921476,10.271477,-0.027148,0.000000,0.000000
10.000000,9.894329,9.434329,0.056567,0.000000,0.000000
10.000000,9.950896,9.970896,0.002910,0.000000,-0.000000
10.000000,9.953807,10.003807,-0.000381,0.000000,-0.000000
10.000000,9.953426,10.453426,-0.045343,0.000000,-0.000000
10.000000,9.908084,9.738084,0.026192,0.000000,0.000000
10.000000,9.934276,10.044275,-0.004428,0.000000,-0.000000
10.000000,9.929848,10.199848,-0.019985,0.000000,-0.000000
10.000000,9.909863,10.099862,-0.009986,0.000000,0.000000
10.000000,9.899877,9.799876,0.020012,0.000000,0.000000
10.000000,9.919889,9.549890,0.045011,0.000000,0.000000
10.000000,9.964901,9.734901,0.026510,0.000000,-0.000000
10.000000,9.991411,10.361411,-0.036141,0.000000,-0.000000
10.000000,9.955270,10.405270,-0.040527,0.000000,-0.000000
10.000000,9.914742,9.814742,0.018526,0.000000,0.000000
